NA	NA	NA	NA	NA	NA	NA	NA	NA	NA	NA	NA	26-Jan-2021	1	YES	689053	91	4/16/1929	Male
17.3	27.4	20.0	7.0	968.7	20.0	60.0	220.0	15.0	4000.0	41.8	1036.6	5-Jan-2021	2	YES	1522155	96	5/31/1924	Female
NA	NA	NA	NA	NA	NA	NA	NA	NA	NA	NA	NA	8-Jan-2021	3	NO	1525185	73	2/7/1947	Male
10.0	20.2	20.0	7.0	252.5	20.0	60.0	220.0	15.0	1603.6	20.0	1211.0	13-Jan-2021	4	YES	2051637	65	9/7/1955	Male
10.0	7.7	20.0	7.0	273.7	20.0	60.0	220.0	15.0	1730.1	20.0	240.9	8-Jan-2021	5	NO	2123478	78	11/22/1942	Female
NA	NA	NA	NA	NA	NA	NA	NA	NA	NA	NA	NA	20-Jan-2021	6	NO	2298814	79	10/31/1941	Male
10.0	5.0	20.0	7.0	139.5	20.0	60.0	220.0	15.0	808.3	20.0	400.3	8-Jan-2021	7	NO	2316836	60	8/20/1960	Male
10.0	133.8	20.0	7.0	324.8	20.0	60.0	220.0	15.0	695.6	22.7	130.2	20-Jan-2021	8	NO	2941589	61	7/24/1959	Male
10.0	5.0	20.0	7.0	139.6	20.0	60.0	220.0	15.0	609.5	20.0	212.3	18-Jan-2021	9	NO	2982032	57	6/25/1963	Female
NA	NA	NA	NA	NA	NA	NA	NA	NA	NA	NA	NA	31-Dec-2020	10	NO	2986450	84	7/1/1936	Male
10.0	5.0	20.0	7.0	166.3	20.0	60.0	220.0	15.0	661.8	20.0	182.5	13-Jan-2021	11	NO	3088149	52	6/6/1968	Male
10.7	8.7	20.0	7.0	107.6	20.0	60.0	220.0	15.0	1653.5	20.0	667.3	13-Jan-2021	12	NO	3185208	60	3/14/1960	Female
16.2	5.0	20.0	7.0	280.1	20.0	60.0	220.0	15.0	1375.5	20.0	486.3	26-Jan-2021	13	YES	3807791	59	10/14/1961	Male
10.0	5.0	20.0	7.0	40.0	20.0	60.0	220.0	15.0	40.0	20.0	65.0	13-Jan-2021	14	NO	4015005	57	8/28/1963	Female
10.0	5.0	20.0	7.0	361.0	20.0	60.0	220.0	15.0	602.4	20.0	279.3	13-Jan-2021	15	NO	4128443	55	3/3/1966	Male
NA	NA	NA	NA	NA	NA	NA	NA	NA	NA	NA	NA	NA	16	NO	4251947	29	11/1/1991	Male
10.0	5.0	20.0	7.0	163.2	20.0	60.0	220.6	15.0	819.8	28.2	181.4	8-Jan-2021	17	NO	4278895	57	12/27/1963	Male
10.0	5.0	20.0	7.0	135.0	20.0	60.0	220.0	15.0	511.3	20.0	562.9	5-Jan-2021	18	YES	4380239	62	5/9/1958	Female
10.0	5.0	20.0	7.0	1976.7	20.0	60.0	220.0	15.0	464.9	20.0	231.0	13-Jan-2021	19	NO	4385138	27	6/18/1993	Male
NA	NA	NA	NA	NA	NA	NA	NA	NA	NA	NA	NA	18-Jan-2021	20	YES	4501267	96	9/10/1924	Male
10.0	5.0	20.0	7.0	274.9	20.0	60.0	220.0	15.0	284.3	20.0	65.0	13-Jan-2021	21	YES	4519600	58	7/26/1962	Male
NA	NA	NA	NA	NA	NA	NA	NA	NA	NA	NA	NA	18-Jan-2021	22	NO	4520534	86	12/27/1934	Male
10.0	5.0	20.0	7.0	294.4	20.0	60.0	220.0	15.0	737.5	20.0	510.1	20-Jan-2021	23	NO	4522217	62	2/25/1958	Female
10.0	5.0	20.0	7.0	266.7	20.0	60.0	220.0	15.0	574.6	20.0	99.5	5-Jan-2021	24	YES	4566240	96	3/16/1924	Male
16.5	11.0	20.0	7.0	707.4	20.0	60.0	220.0	15.0	1655.0	42.3	208.1	8-Jan-2021	25	YES	4577086	89	6/12/1931	Female
17.7	22.7	20.0	8.6	636.7	20.0	60.0	220.0	15.0	1499.9	20.0	485.6	8-Jan-2021	26	NO	4605731	72	11/11/1948	Male
10.0	5.0	20.0	7.0	175.9	20.0	60.0	220.0	15.0	677.4	20.0	128.2	8-Jan-2021	27	NO	4617712	64	8/5/1956	Female
NA	NA	NA	NA	NA	NA	NA	NA	NA	NA	NA	NA	NA	28	NO	4642710	81	10/15/1939	Female
11.5	8.2	20.0	15.9	142.9	20.0	60.0	220.0	15.0	2400.8	20.0	550.2	5-Jan-2021	29	YES	4667537	90	12/4/1930	Female
NA	NA	NA	NA	NA	NA	NA	NA	NA	NA	NA	NA	NA	30	YES	4669227	99	8/3/1921	Female
NA	NA	NA	NA	NA	NA	NA	NA	NA	NA	NA	NA	20-Jan-2021	31	YES	4674094	83	3/12/1937	Female
NA	NA	NA	NA	NA	NA	NA	NA	NA	NA	NA	NA	NA	32	YES	4685332	92	5/11/1928	Female
10.0	5.0	20.0	7.0	286.4	20.0	60.0	220.0	15.0	263.3	20.0	110.7	26-Jan-2021	33	YES	4696359	62	4/25/1958	Male
NA	NA	NA	NA	NA	NA	NA	NA	NA	NA	NA	NA	20-Jan-2021	34	NO	4711018	55	12/17/1965	Female
11.7	29.1	20.0	7.0	100.8	20.0	60.0	220.0	15.0	1869.6	20.0	306.9	18-Jan-2021	35	NO	4724676	66	5/19/1954	Male
10.0	5.0	20.0	7.0	110.1	20.0	60.0	220.0	15.0	515.7	21.6	339.0	5-Jan-2021	36	YES	4728513	56	3/22/1964	Female
10.0	5.0	20.0	7.0	210.0	20.0	60.0	220.0	15.0	314.5	20.0	165.4	20-Jan-2021	37	NO	4732455	47	9/19/1973	Male
10.0	5.0	20.0	7.0	218.3	20.0	60.0	220.0	15.0	401.2	20.0	266.6	20-Jan-2021	38	NO	4745349	73	7/25/1947	Male
10	7.2	20	7	372	20	60	220	15	704	33.5	366	31-Dec-2020	39	NO	4747420	64	12/7/1956	Male
18.7	315.0	20.0	49.9	3719.7	20.0	60.0	220.0	15.0	1404.1	32.4	506.2	5-Jan-2021	40	NO	4954713	83	2/14/1937	Male
10.0	315.0	20.0	7.0	1249.1	20.0	60.0	220.0	15.0	1911.3	20.0	315.0	20-Jan-2021	41	YES	4989701	74	5/5/1946	Male
NA	NA	NA	NA	NA	NA	NA	NA	NA	NA	NA	NA	NA	42	NO	5004838	26	1/13/1995	Female
16.8	28.8	20.0	7.0	313.4	20.0	60.0	220.0	15.0	1830.0	29.9	1135.5	5-Jan-2021	43	YES	5149307	68	4/5/1952	Female
10.0	5.0	42.7	7.0	144.0	20.0	60.0	220.0	15.0	677.0	23.2	197.3	18-Jan-2021	44	NO	5197352	31	4/2/1989	Male
10.4	273.5	20.0	7.0	274.6	20.0	60.0	220.0	15.0	1276.4	20.0	425.0	8-Jan-2021	45	YES	5393051	48	4/8/1972	Male
10.0	18.2	20.0	7.0	390.0	20.0	60.0	220.0	15.0	1183.2	25.2	759.7	26-Jan-2021	46	NO	5440073	70	3/21/1950	Female
10.0	5.0	20.0	7.0	166.1	20.0	60.0	220.0	15.0	489.4	20.0	130.4	13-Jan-2021	47	NO	5448364	20	2/11/2001	Male
10.0	5.0	20.0	7.0	77.4	20.0	60.0	220.0	15.0	235.3	20.0	138.3	20-Jan-2021	48	YES	5489965	51	11/1/1969	Female
10.0	5.0	20.0	7.0	260.1	20.0	71.9	220.0	15.0	181.7	20.0	319.0	20-Jan-2021	49	NO	5512824	80	3/16/1940	Male
18.3	315.0	20.0	7.0	970.5	20.0	60.0	228.9	15.0	3136.3	22.7	245.8	26-Jan-2021	50	NO	5540368	73	9/9/1947	Male
10.0	5.0	20.0	7.0	119.4	20.0	60.0	220.0	15.0	735.8	20.0	241.9	13-Jan-2021	51	YES	5542527	90	4/22/1930	Male
10.7	21.4	20.0	7.0	365.5	20.0	60.0	220.0	15.0	1220.1	20.0	166.4	8-Jan-2021	52	NO	5557956	54	10/2/1966	Female
10.4	5.0	20.0	7.0	102.3	20.0	60.0	220.0	15.0	728.2	20.0	510.9	8-Jan-2021	53	NO	5571828	73	9/28/1947	Female
NA	NA	NA	NA	NA	NA	NA	NA	NA	NA	NA	NA	NA	54	NO	5577126	39	4/18/1981	Male
NA	NA	NA	NA	NA	NA	NA	NA	NA	NA	NA	NA	5-Jan-2021	55	YES	5611270	77	10/1/1943	Male
10	5.7	20	7	220	20	60	220	15	782	22.8	209	31-Dec-2020	56	YES	5626313	61	10/25/1959	Female
NA	NA	NA	NA	NA	NA	NA	NA	NA	NA	NA	NA	NA	57	NO	5686648	65	7/17/1955	Male
10.0	5.0	20.0	7.0	40.0	20.0	60.0	220.0	15.0	625.0	29.9	166.1	13-Jan-2021	58	NO	5720987	75	11/5/1945	Male
10.0	5.0	20.0	7.0	40.0	20.0	60.0	220.0	15.0	646.5	30.2	284.4	5-Jan-2021	59	NO	5747701	34	8/9/1986	Female
NA	NA	NA	NA	NA	NA	NA	NA	NA	NA	NA	NA	5-Jan-2021	60	NO	5755215	60	12/19/1960	Female
10.0	5.0	20.0	7.0	71.3	20.0	60.0	220.0	15.0	220.4	20.0	132.1	8-Jan-2021	61	NO	5774751	62	6/7/1958	Male
10.0	5.0	20.0	7.0	108.6	20.0	60.0	220.0	15.0	1574.2	20.0	310.7	20-Jan-2021	62	YES	5819087	67	4/3/1953	Male
10.0	8.8	20.0	7.0	165.3	20.0	60.0	220.0	15.0	1432.2	20.0	341.5	13-Jan-2021	63	NO	5832764	78	8/3/1942	Male
10.0	5.0	20.0	7.0	468.5	20.0	60.0	220.0	15.0	1248.1	20.0	826.9	8-Jan-2021	64	NO	5911217	62	10/8/1958	Female
10.0	24.0	20.0	7.0	88.7	20.0	60.0	220.0	15.0	1239.9	25.3	209.9	8-Jan-2021	65	NO	5941204	63	8/9/1957	Female
10.0	5.0	20.0	7.0	301.7	20.0	60.0	220.0	15.0	384.3	31.4	218.1	5-Jan-2021	66	NO	5964266	71	4/7/1949	Male
NA	NA	NA	NA	NA	NA	NA	NA	NA	NA	NA	NA	20-Jan-2021	67	YES	6019909	81	1/4/1939	Male
10.0	5.0	20.0	7.0	503.4	20.0	60.0	220.0	15.0	509.0	20.0	226.7	5-Jan-2021	68	NO	6106124	53	9/6/1967	Female
10.0	5.0	20.0	7.0	106.0	20.0	60.0	220.0	15.0	343.9	20.0	210.6	5-Jan-2021	69	NO	6226733	26	10/30/1994	Male
10.0	5.0	20.0	7.0	128.0	20.0	60.0	220.0	15.0	188.7	20.0	175.6	8-Jan-2021	70	NO	6329925	36	2/26/1984	Female
10	5	20	7	258	20	60	220	15	480	24.4	65	31-Dec-2020	71	NO	6346311	42	7/2/1978	Female
NA	NA	NA	NA	NA	NA	NA	NA	NA	NA	NA	NA	20-Jan-2021	72	NO	6348619	93	7/29/1927	Female
NA	NA	NA	NA	NA	NA	NA	NA	NA	NA	NA	NA	5-Jan-2021	73	NO	6389834	38	7/13/1982	Female
NA	NA	NA	NA	NA	NA	NA	NA	NA	NA	NA	NA	13-Jan-2021	74	NO	6469255	36	9/5/1984	Male
10.1	7.7	20.0	7.0	157.9	20.0	60.0	220.0	15.0	2205.8	34.7	907.1	5-Jan-2021	75	NO	6524009	51	9/5/1969	Male
10	5	20	7	121	20	60	220	15	508	46.5	500	31-Dec-2020	76	NO	6529556	78	2/26/1942	Male
10.0	5.0	29.1	7.0	419.8	20.0	60.0	220.0	15.0	261.2	23.2	398.0	13-Jan-2021	77	YES	6529626	72	6/30/1948	Female
NA	NA	NA	NA	NA	NA	NA	NA	NA	NA	NA	NA	NA	78	NO	6532820	65	9/30/1955	Male
NA	NA	NA	NA	NA	NA	NA	NA	NA	NA	NA	NA	5-Jan-2021	79	YES	6550431	48	11/20/1972	Male
10.0	5.1	20.0	7.0	122.8	20.0	60.0	220.0	15.0	600.6	25.2	259.5	8-Jan-2021	80	NO	6584896	74	7/31/1946	Male
10.0	5.0	20.0	7.0	269.8	20.0	60.0	220.0	15.0	428.1	26.4	213.0	26-Jan-2021	81	NO	6589242	60	3/25/1960	Female
NA	NA	NA	NA	NA	NA	NA	NA	NA	NA	NA	NA	NA	82	NO	6610652	52	8/12/1968	Male
NA	NA	NA	NA	NA	NA	NA	NA	NA	NA	NA	NA	NA	83	YES	6614412	59	6/18/1961	Female
10.0	5.0	20.0	7.0	187.9	20.0	60.0	220.0	15.0	777.8	20.0	113.9	26-Jan-2021	84	NO	6639437	52	11/30/1968	Male
10.0	5.1	20.0	7.0	86.4	20.0	60.0	220.0	15.0	534.7	20.0	249.4	20-Jan-2021	85	NO	6668781	60	2/6/1960	Female
10.0	5.0	20.0	7.0	165.3	20.0	60.0	220.0	15.0	1170.1	28.8	387.7	5-Jan-2021	86	NO	6670860	69	9/14/1951	Female
13.1	315.0	20.0	7.0	1176.7	20.0	60.0	220.0	15.0	1714.9	39.6	458.6	13-Jan-2021	87	NO	6753794	60	2/18/1960	Male
12.5	38.6	20.0	15.0	919.8	20.0	60.0	220.0	15.0	2576.7	22.4	506.0	26-Jan-2021	88	NO	6755240	64	4/30/1956	Male
10.0	5.0	20.0	7.0	291.6	20.0	60.0	220.0	15.0	628.0	30.1	148.8	5-Jan-2021	89	YES	6845071	72	7/10/1948	Male
38.5	39.9	20.0	7.0	858.6	64.7	60.0	220.0	15.0	2787.4	20.0	406.8	20-Jan-2021	90	NO	6885890	53	7/17/1967	Female
10.0	18.7	20.0	7.0	237.8	20.0	60.0	220.0	15.0	1945.0	20.0	1320.5	20-Jan-2021	91	NO	6891779	53	2/13/1967	Male
10.0	5.0	20.0	7.0	109.9	20.0	60.0	220.0	15.0	635.6	23.2	344.6	5-Jan-2021	92	NO	6894469	60	8/21/1960	Male
10.0	5.0	20.0	7.0	162.5	20.0	60.0	220.0	15.0	800.7	20.0	395.4	20-Jan-2021	93	NO	6930652	48	3/21/1972	Female
10.0	5.0	20.0	7.0	348.3	20.0	60.0	220.0	15.0	709.1	20.0	221.3	26-Jan-2021	94	NO	6995129	61	12/5/1959	Male
NA	NA	NA	NA	NA	NA	NA	NA	NA	NA	NA	NA	NA	95	NO	7047440	62	6/23/1958	Male
10.0	5.0	20.0	7.0	152.2	20.0	60.0	220.0	15.0	578.3	20.0	184.0	5-Jan-2021	96	NO	7174324	38	6/14/1982	Male
10.0	5.0	20.0	7.0	146.7	20.0	60.0	220.0	15.0	353.1	20.0	235.9	8-Jan-2021	97	NO	7216234	22	3/19/1998	Male
10.0	5.0	20.0	7.0	176.4	20.0	60.0	220.0	15.0	1025.9	20.0	168.0	13-Jan-2021	98	NO	7265106	31	3/7/1989	Female
10.0	51.0	20.0	12.1	1045.2	20.0	60.0	220.0	15.0	934.7	20.0	310.5	20-Jan-2021	99	NO	7301276	41	7/5/1979	Female
NA	NA	NA	NA	NA	NA	NA	NA	NA	NA	NA	NA	5-Jan-2021	100	YES	7330630	70	12/15/1950	Male
10	5	20	7	124	20	60	220	15	458	20	198	31-Dec-2020	101	NO	7428945	30	11/15/1990	Male
NA	NA	NA	NA	NA	NA	NA	NA	NA	NA	NA	NA	20-Jan-2021	102	YES	7510341	59	1/26/1962	Male
10.0	5.0	20.0	7.0	40.0	20.0	60.0	220.0	15.0	40.0	20.0	65.0	5-Jan-2021	103	NO	7580740	71	9/14/1949	Female
NA	NA	NA	NA	NA	NA	NA	NA	NA	NA	NA	NA	NA	104	NO	7581284	64	6/2/1956	Male
10.0	5.0	20.0	7.0	356.6	20.0	60.0	220.0	15.0	768.4	20.0	293.6	5-Jan-2021	105	NO	7592837	26	10/26/1994	Female
10.0	5.0	20.0	7.0	131.8	43.0	60.0	220.0	15.0	536.8	20.0	1077.6	20-Jan-2021	106	NO	7628453	19	8/7/2001	Male
NA	NA	NA	NA	NA	NA	NA	NA	NA	NA	NA	NA	NA	107	YES	7648939	69	9/13/1951	Male
10.0	5.0	20.0	7.0	431.6	20.0	60.0	220.0	15.0	278.5	33.5	139.4	13-Jan-2021	108	NO	7654775	54	9/8/1966	Female
10.0	5.0	20.0	7.0	49.3	20.0	60.0	220.0	15.0	1028.8	26.0	390.9	18-Jan-2021	109	NO	7675503	57	10/5/1963	Female
NA	NA	NA	NA	NA	NA	NA	NA	NA	NA	NA	NA	NA	110	NO	7684704	52	7/2/1968	Female
NA	NA	NA	NA	NA	NA	NA	NA	NA	NA	NA	NA	5-Jan-2021	111	YES	7690729	76	11/25/1944	Male
10.0	5.0	20.0	7.0	220.4	20.0	60.0	220.0	15.0	1389.9	21.2	867.7	26-Jan-2021	112	NO	7693765	66	5/11/1954	Male
18.5	5.0	20.0	7.0	218.7	42.1	60.0	220.0	15.0	2087.5	37.1	1408.6	5-Jan-2021	113	NO	7703761	77	3/24/1943	Female
13.8	35.4	20.0	7.0	548.7	20.0	60.0	220.0	15.0	833.6	41.9	491.3	26-Jan-2021	114	YES	7723531	60	12/26/1959	Male
10.0	36.3	20.0	7.0	236.3	22.4	60.0	220.0	15.0	434.9	45.1	244.2	18-Jan-2021	115	YES	7731244	42	3/21/1978	Male
NA	NA	NA	NA	NA	NA	NA	NA	NA	NA	NA	NA	18-Jan-2021	116	YES	7757421	81	10/12/1939	Female
14.8	10.7	20.0	7.0	957.6	20.0	60.0	220.0	15.0	1520.7	20.0	350.7	18-Jan-2021	117	YES	7778263	76	12/26/1944	Male
10.2	5.0	20.0	7.0	309.1	20.0	60.0	220.0	15.0	2047.5	37.5	377.4	8-Jan-2021	118	YES	7779610	71	8/8/1949	Male
11.3	7.8	20.0	7.0	40.0	20.0	60.0	220.0	15.0	599.3	20.0	702.8	20-Jan-2021	119	NO	7794337	56	9/22/1964	Male
10.0	25.0	20.0	7.0	449.5	20.0	60.0	220.0	15.0	1533.2	25.7	342.2	20-Jan-2021	120	NO	7826423	90	4/12/1930	Female
10.0	5.0	20.0	7.0	398.9	20.0	60.0	220.0	15.0	776.9	20.0	265.7	13-Jan-2021	121	YES	7833355	59	2/5/1961	Male
NA	NA	NA	NA	NA	NA	NA	NA	NA	NA	NA	NA	5-Jan-2021	122	NO	7846190	50	3/27/1970	Female
10.0	5.0	20.0	7.0	240.2	20.0	60.0	220.0	15.0	607.9	25.2	221.7	8-Jan-2021	123	YES	7863437	69	12/11/1951	Male
NA	NA	NA	NA	NA	NA	NA	NA	NA	NA	NA	NA	5-Jan-2021	124	NO	7866635	65	9/23/1955	Male
10.0	5.0	20.0	7.0	97.2	20.0	60.0	220.0	15.0	742.4	28.2	556.3	1/5/202	125	NO	7875147	68	2/28/1952	Female
17.4	18.0	20.0	7.0	518.3	20.0	60.0	220.0	15.0	839.2	177.6	878.0	5-Jan-2021	126	YES	7889680	83	9/30/1937	Male
10.0	5.0	20.0	7.0	162.9	20.0	60.0	220.0	15.0	521.3	20.0	127.3	8-Jan-2021	127	NO	7891104	24	3/9/1996	Female
NA	NA	NA	NA	NA	NA	NA	NA	NA	NA	NA	NA	5-Jan-2021	128	NO	7924098	73	12/30/1946	Female
NA	NA	NA	NA	NA	NA	NA	NA	NA	NA	NA	NA	5-Jan-2021	129	NO	7932161	56	11/12/1964	Male
10.0	33.0	20.0	7.0	1017.4	20.0	60.0	220.0	15.0	891.4	20.5	366.4	13-Jan-2021	130	NO	7935376	84	5/18/1936	Female
NA	NA	NA	NA	NA	NA	NA	NA	NA	NA	NA	NA	18-Jan-2021	131	NO	7950457	61	2/26/1959	Male
NA	NA	NA	NA	NA	NA	NA	NA	NA	NA	NA	NA	NA	132	NO	7970412	57	11/5/1963	Female
NA	NA	NA	NA	NA	NA	NA	NA	NA	NA	NA	NA	5-Jan-2021	133	NO	7975523	60	8/18/1960	Male
NA	NA	NA	NA	NA	NA	NA	NA	NA	NA	NA	NA	NA	134	NO	8555404	58	6/2/1962	Male
10.0	5.0	20.0	7.0	119.6	20.0	60.0	220.0	15.0	196.0	20.0	100.5	8-Jan-2021	135	NO	8616743	35	12/3/1985	Female
10.0	5.0	20.0	7.0	114.7	20.0	60.0	220.0	15.0	300.1	20.0	110.9	20-Jan-2021	136	NO	8974357	29	4/12/1991	Male
33.3	94.0	20.0	53.0	2403.9	20.0	195.7	220.0	15.0	2644.0	20.0	1401.9	5-Jan-2021	137	NO	9125798	58	3/10/1962	Male
10.0	5.0	20.0	7.0	145.1	20.0	60.0	220.0	15.0	266.1	25.6	134.6	20-Jan-2021	138	NO	9188741	19	10/14/2001	Male
25.7	315.0	20.0	7.0	442.5	20.0	60.0	220.0	15.0	1554.1	24.0	550.4	13-Jan-2021	139	NO	9196160	53	8/10/1967	Male
10.0	5.0	20.0	7.0	395.5	20.0	129.3	220.0	15.0	366.5	20.9	590.0	18-Jan-2021	140	NO	9209047	55	8/18/1965	Female
10.0	5.0	20.0	7.0	115.0	20.0	60.0	220.0	15.0	426.1	20.0	168.4	18-Jan-2021	141	NO	9460511	27	2/16/1994	Female
10.0	5.0	20.0	7.0	108.5	20.0	60.0	220.0	15.0	349.9	20.0	371.8	13-Jan-2021	142	NO	9800302	25	7/1/1995	Female
10.0	5.9	20.0	7.0	238.5	20.0	60.0	220.0	15.0	766.7	24.1	534.4	5-Jan-2021	143	YES	10148835	60	1/29/1961	Male
10.0	5.0	20.0	7.0	453.9	20.0	60.0	220.0	15.0	1363.4	20.8	212.5	20-Jan-2021	144	NO	10151604	45	7/27/1975	Male
10.0	5.0	20.0	7.0	91.7	20.0	60.0	220.0	15.0	411.0	20.0	141.0	13-Jan-2021	145	NO	10559956	27	2/7/1994	Male
19.3	82.7	20.0	7.0	349.2	20.0	60.0	220.0	15.0	1214.2	114.0	379.6	5-Jan-2021	146	NO	10730327	56	4/18/1964	Male
17.1	226.7	20.0	7.0	589.6	20.0	60.0	220.0	15.0	1309.4	30.4	1103.8	13-Jan-2021	147	NO	10775149	59	7/20/1961	Male
10.0	5.0	20.0	7.0	416.8	20.0	60.0	220.0	15.0	835.1	20.0	366.5	11-Jan-2021	148	YES	10775646	58	7/7/1962	Female
NA	NA	NA	NA	NA	NA	NA	NA	NA	NA	NA	NA	NA	149	NO	10821823	44	8/15/1976	Male
10.0	5.0	20.0	7.0	466.2	20.0	60.0	220.0	15.0	1551.6	20.0	324.4	5-Jan-2021	150	NO	10847576	70	6/26/1950	Female
10.4	5.0	20.0	7.0	264.5	20.0	60.0	220.0	15.0	962.9	20.0	156.6	20-Jan-2021	151	NO	10852690	65	5/13/1955	Female
10.0	5.0	20.0	7.0	187.4	20.0	60.0	220.0	15.0	1163.8	27.2	318.1	13-Jan-2021	152	NO	10861925	47	2/25/1973	Male
19.8	8.8	37.4	10.7	80.6	38.1	87.4	456.5	38.2	52.1	21.2	132.8	5-Jan-2021	153	NO	10862667	74	10/21/1946	Female
10.0	5.0	20.0	7.0	169.4	20.0	60.0	220.0	15.0	652.2	20.0	249.1	20-Jan-2021	154	NO	10862868	45	7/14/1975	Female
10	8.8	20	7	405	20	60	220	15	604	57.5	655	31-Dec-2020	155	NO	10868974	27	10/3/1993	Male
10.0	5.0	56.9	7.0	309.1	20.0	60.0	220.0	15.0	559.2	20.0	368.5	26-Jan-2021	156	NO	10879649	49	10/2/1971	Female
10.0	5.0	20.0	7.0	244.3	20.0	60.0	220.0	15.0	314.5	20.0	138.0	13-Jan-2021	157	NO	10879755	26	6/11/1994	Female
10.0	5.0	20.0	7.0	243.1	20.0	60.0	220.0	15.0	698.9	20.0	145.0	8-Jan-2021	158	YES	10889755	77	1/27/1944	Female
10.0	10.7	20.0	7.0	204.4	20.0	60.0	220.0	15.0	616.4	21.6	295.6	13-Jan-2021	159	YES	10891839	53	12/21/1967	Male
16.0	5.0	20.0	7.0	205.8	20.0	60.0	220.0	15.0	2550.6	20.0	242.4	20-Jan-2021	160	NO	10906438	45	5/7/1975	Male
NA	NA	NA	NA	NA	NA	NA	NA	NA	NA	NA	NA	13-Jan-2021	161	NO	12156299	61	11/28/1959	Male
10.0	6.6	20.0	7.0	357.8	20.0	60.0	220.0	15.0	1932.4	20.0	453.9	5-Jan-2021	162	NO	12206475	50	4/23/1970	Male
NA	NA	NA	NA	NA	NA	NA	NA	NA	NA	NA	NA	20-Jan-2021	163	NO	12343965	50	10/28/1970	Male
NA	NA	NA	NA	NA	NA	NA	NA	NA	NA	NA	NA	5-Jan-2021	164	NO	12371379	41	4/1/1979	Male
10.0	5.0	20.0	7.0	170.5	20.0	60.0	220.0	15.0	388.7	20.0	198.9	8-Jan-2021	165	NO	12374285	47	11/6/1973	Female
NA	NA	NA	NA	NA	NA	NA	NA	NA	NA	NA	NA	5-Jan-2021	166	NO	12395434	68	11/2/1952	Male
10.0	5.0	20.0	7.0	155.7	20.0	60.0	220.0	15.0	743.8	24.2	269.2	13-Jan-2021	167	NO	12439542	52	9/14/1968	Female
NA	NA	NA	NA	NA	NA	NA	NA	NA	NA	NA	NA	8-Jan-2021	168	YES	12466687	45	5/26/1975	Male
10.0	5.0	20.0	7.0	40.0	20.0	60.0	220.0	15.0	614.5	28.6	538.7	13-Jan-2021	169	NO	12496600	39	2/5/1981	Female
NA	NA	NA	NA	NA	NA	NA	NA	NA	NA	NA	NA	26-Jan-2021	170	NO	12595154	33	3/10/1987	Male
14.7	6.1	20.0	7.0	339.9	20.0	60.0	220.0	15.0	2460.5	20.0	414.6	13-Jan-2021	171	NO	12658163	25	12/14/1995	Male
11.8	49.7	20.0	7.0	208.8	20.0	60.0	220.0	15.0	1393.5	26.0	467.0	13-Jan-2021	172	NO	12661464	50	9/11/1970	Male
15.4	28.2	20.0	7.0	117.4	20.0	60.0	220.0	15.0	2741.3	20.0	694.7	8-Jan-2021	173	NO	12664150	65	1/24/1955	Female
NA	NA	NA	NA	NA	NA	NA	NA	NA	NA	NA	NA	NA	174	YES	12671250	49	3/19/1971	Male
NA	NA	NA	NA	NA	NA	NA	NA	NA	NA	NA	NA	1/132021	175	NO	12671264	65	1/9/1955	Female
29.2	315	20	7	446	20	60	220	15	2071	30.4	1341	31-Dec-2020	176	NO	12671989	43	5/8/1977	Male
NA	NA	NA	NA	NA	NA	NA	NA	NA	NA	NA	NA	NA	177	NO	12675450	43	5/16/1977	Male
10.0	5.0	20.0	7.0	179.8	20.0	60.0	220.0	15.0	744.3	20.0	282.6	20-Jan-2021	178	NO	12675486	22	4/17/1998	Female
13	13.3	20	13.4	440	20	60	220	15	1148	45.2	1708	31-Dec-2020	179	NO	12685494	60	1/19/1960	Female
NA	NA	NA	NA	NA	NA	NA	NA	NA	NA	NA	NA	NA	180	YES	12702080	68	3/11/1952	Female
NA	NA	NA	NA	NA	NA	NA	NA	NA	NA	NA	NA	NA	181	NO	12711624	40	5/20/1980	Male
10.0	5.0	20.0	7.0	201.1	20.0	60.0	220.0	15.0	219.8	20.0	411.2	13-Jan-2021	182	NO	12711943	23	7/31/1997	Female
10.0	5.0	20.0	7.0	371.1	20.0	60.0	220.0	15.0	708.2	23.4	244.8	5-Jan-2021	183	YES	12717262	78	1/21/1943	Female
10.0	5.0	20.0	7.0	125.9	20.0	60.0	220.0	15.0	480.9	20.0	196.0	13-Jan-2021	184	NO	12724242	20	1/5/2001	Male
25.8	19.5	20.0	7.0	276.8	20.0	60.0	220.0	15.0	2549.6	39.3	383.8	13-Jan-2021	185	NO	12724447	61	6/5/1959	Male
NA	NA	NA	NA	NA	NA	NA	NA	NA	NA	NA	NA	13-Jan-2021	186	NO	12727224	52	9/13/1968	Male
10.0	5.0	20.0	7.0	141.8	20.0	60.0	220.0	15.0	382.1	28.1	246.2	18-Jan-2021	187	NO	12734730	73	7/21/1947	Female
12.8	24.1	20.0	7.0	4408.0	20.0	60.0	220.0	15.0	2410.1	31.8	722.4	20-Jan-2021	188	NO	12735161	50	11/27/1970	Male
NA	NA	NA	NA	NA	NA	NA	NA	NA	NA	NA	NA	18-Jan-2021	189	NO	12735898	44	1/2/1977	Male
10.0	5.0	20.0	7.0	300.5	20.0	60.0	220.0	15.0	489.2	25.0	145.0	20-Jan-2021	190	NO	12735903	53	6/23/1967	Female
10.0	5.0	20.0	7.0	59.4	20.0	60.0	220.0	15.0	807.5	33.5	259.8	13-Jan-2021	191	NO	12737048	28	5/19/1992	Female
10.4	10.9	20.0	7.0	777.3	20.0	60.0	220.0	15.0	741.8	56.7	495.7	13-Jan-2021	192	NO	12742376	76	2/5/1944	Male
10.0	5.0	20.0	7.0	101.2	20.0	60.0	220.0	15.0	380.0	23.0	177.6	20-Jan-2021	193	NO	12746011	25	3/22/1995	Female
10	5	20	7	274	20	60	1125	15	603	221	216	31-Dec-2020	194	NO	12748328	43	6/24/1977	Female
10.0	5.0	20.0	7.0	275.6	20.0	60.0	220.0	15.0	642.4	21.3	256.1	8-Jan-2021	195	NO	12762385	69	8/7/1951	Male
10.0	5.0	20.0	7.0	168.8	20.0	60.0	220.0	15.0	744.3	20.0	217.8	13-Jan-2021	196	NO	1691050	71	9/3/1949	Male
10.0	5.0	20.0	7.0	305.3	20.0	60.0	220.0	15.0	515.0	21.3	215.2	13-Jan-2021	197	NO	2005262	66	10/22/1954	Female
10.0	5.0	20.0	7.0	155.3	20.0	60.0	220.0	15.0	649.4	20.0	191.1	20-Jan-2021	198	NO	2181406	63	2/24/1957	Female
NA	NA	NA	NA	NA	NA	NA	NA	NA	NA	NA	NA	18-Jan-2021	199	NO	2364291	60	2/24/1960	Male
10	5	20	7	139.3	20	60	220	15	914	20	420.7	5-Jan-2021	200	NO	2399766	70	6/24/1950	Male
10.0	5.0	20.0	7.0	555.1	20.0	60.0	220.0	15.0	547.0	30.1	343.0	26-Jan-2021	201	NO	1988786	66	7/19/1954	Female
10.0	11.2	20.0	7.0	225.5	20.0	60.0	220.0	15.0	864.4	23.6	414.9	13-Jan-2021	202	YES	2102269	80	9/6/1940	Female
10.0	5.0	20.0	7.0	267.5	20.0	60.0	220.0	15.0	648.2	20.0	101.8	13-Jan-2021	203	YES	2397152	83	9/10/1937	Female
10.0	5.0	20.0	7.0	296.9	20.0	60.0	220.0	15.0	690.2	20.0	311.5	8-Jan-2021	204	NO	2553839	56	1/22/1965	Female
NA	NA	NA	NA	NA	NA	NA	NA	NA	NA	NA	NA	13-Jan-2021	205	YES	2880385	77	8/7/1943	Male
10.0	5.0	20.0	7.0	106.1	20.0	60.0	220.0	15.0	537.6	20.0	188.5	13-Jan-2021	206	NO	3263723	62	11/17/1958	Female
10	5.5	20	7	204	20	60	220	15	655	46.2	215	31-Dec-2020	207	YES	3299222	58	11/17/1962	Female
10.0	5.0	20.0	7.0	115.3	20.0	60.0	220.0	15.0	357.4	20.0	188.4	8-Jan-2021	208	NO	3387761	62	8/21/1958	Male
NA	NA	NA	NA	NA	NA	NA	NA	NA	NA	NA	NA	26-Jan-2021	209	YES	3390083	78	11/16/1942	Male
10.0	5.0	20.0	7.0	314.2	20.0	60.0	221.5	15.0	834.5	25.1	346.2	5-Jan-2021	210	NO	3835584	79	12/17/1941	Male
NA	NA	NA	NA	NA	NA	NA	NA	NA	NA	NA	NA	NA	211	NO	3971145	57	9/30/1963	Female
NA	NA	NA	NA	NA	NA	NA	NA	NA	NA	NA	NA	5-Jan-2021	212	NO	3994168	33	10/31/1987	Female
NA	NA	NA	NA	NA	NA	NA	NA	NA	NA	NA	NA	13-Jan-2021	213	NO	4058240	64	9/4/1956	Male
10.0	5.0	20.0	7.0	301.0	20.0	60.0	220.0	15.0	664.7	34.7	410.3	13-Jan-2021	214	YES	4691818	79	11/6/1941	Male
10.0	5.0	20.0	7.0	446.9	20.0	60.0	220.0	15.0	882.9	20.0	247.0	5-Jan-2021	215	YES	5094333	69	2/23/1951	Female
10.0	5.0	20.0	7.0	136.0	20.0	60.0	220.0	15.0	519.5	20.0	217.1	5-Jan-2021	216	NO	5195592	48	9/30/1972	Female
10	5	20	114	285	20	60	220	15	494	24.9	443	31-Dec-2020	217	NO	5341676	65	3/29/1956	Female
10.0	5.0	35.8	7.0	287.1	20.0	60.0	220.0	15.0	384.6	20.0	239.6	18-Jan-2021	218	NO	5416663	37	2/8/1984	Female
NA	NA	NA	NA	NA	NA	NA	NA	NA	NA	NA	NA	18-Jan-2021	219	NO	5500789	73	8/26/1947	Male
10.0	5.0	20.0	7.0	279.5	20.0	60.0	220.0	15.0	522.1	20.0	65.0	5-Jan-2021	220	NO	5599760	50	4/28/1970	Female
10.0	5.0	20.0	7.0	212.4	20.0	60.0	220.0	15.0	441.7	20.0	381.4	18-Jan-2021	221	NO	6023597	44	8/16/1976	Male
13.0	5.0	20.0	7.0	280.9	20.0	60.0	220.0	15.0	1719.9	20.1	564.5	8-Jan-2021	222	NO	6218910	61	8/2/1959	Male
10.0	5.0	20.0	7.0	243.0	20.0	60.0	220.0	15.0	373.8	20.0	234.1	5-Jan-2021	223	NO	6311433	52	5/9/1968	Female
11.3	5.0	20.0	7.0	505.6	20.0	60.0	220.0	15.0	1329.9	20.0	332.7	5-Jan-2021	224	NO	6660363	82	3/29/1938	Female
10.0	5.0	20.0	7.0	159.5	20.0	60.0	220.0	15.0	339.2	20.0	139.2	18-Jan-2021	225	NO	7179598	35	12/4/1985	Female
10	5	20	7	191	20	60	220	15	528	31.3	303	31-Dec-2020	226	YES	7691521	59	4/24/1961	Male
10.0	5.0	20.0	7.0	259.7	20.0	60.0	220.0	15.0	486.6	20.0	208.4	26-Jan-2021	227	NO	8201645	67	9/28/1953	Male
